ring_id,vertex_id,x,y
0,0,200,-80
0,1,400,0
0,2,1052.488068,-62.14172072
0,3,1464.723128,146.8264639
0,4,1330.662983,677.9005525
0,5,946.0888577,802.6218853
0,6,217.6470588,845.5882353
0,7,-100,550
0,8,-159.4982079,84.94623656
1,0,100,200
1,1,127.6964373,548.9751098
1,2,373.0769231,488.4615385
1,3,300,200
2,0,500,150
2,1,550,450
2,2,733.3333333,500
2,3,807.1428571,150
3,0,989.6551724,255.1724138
3,1,1120.899908,610.835629
3,2,1262.5,475
3,3,1100,200
Total signed area in input: 9.845000e+05
Total signed area in output: 9.845000e+05
Total areal displacement: 1.050482e+05
