ring_id,vertex_id,x,y
0,0,-477.5,47.5
0,1,-332.8931251,-203.5854409
0,2,214.2665425,-321.9325234
0,3,545.2614434,225.9813696
0,4,364.8397735,94.24263825
0,5,101.2535721,121.6547279
0,6,6.621983914,368.6863271
0,7,-190,120
1,0,-150.9633864,30.81546723
1,1,-147.2051781,-101.8519533
1,2,-186.0784314,-155.6862745
1,3,-328.3256091,-72.78395218
2,0,110,-260
2,1,46.73893285,-178.5929717
2,2,244.1216125,50.85344479
2,3,235.6235628,-71.85821348
Total signed area in input: 2.840000e+05
Total signed area in output: 2.840000e+05
Total areal displacement: 2.145049e+05
