ring_id,vertex_id,x,y
0,0,-35.21487668,-54.5313199
0,1,998.0906882,-64.43744257
0,2,1415.335832,131.8391467
0,3,1346.984109,685.7655576
0,4,803.682805,871.668342
0,5,-178.4609232,620.7388713
1,0,100,200
1,1,131.8965517,507.7586207
1,2,250,550
1,3,350,500
1,4,350,350
1,5,300,200
2,0,550,150
2,1,500,300
2,2,550,450
2,3,767.6470588,479.4117647
2,4,800,300
2,5,750,150
3,0,1000,250
3,1,1073.538462,503.6923077
3,2,1200,600
3,3,1250,500
3,4,1200,350
3,5,1100,200
Total signed area in input: 9.845000e+05
Total signed area in output: 9.845000e+05
Total areal displacement: 2.081126e+05
