ring_id,vertex_id,x,y
0,0,-365.3477987,-182.3589185
0,1,204.4647027,-367.3190054
0,2,371.9154148,139.9541235
0,3,303.253472,383.9769961
0,4,150,-20
0,5,5.208702864,142.6127898
0,6,224.1701871,256.2613156
0,7,10,360
0,8,-397.2710589,-28.45282038
1,0,-152.2364217,33.8658147
1,1,-145.1683386,-124.1581816
1,2,-170.3921569,-151.7647059
1,3,-326.1945637,-58.2832618
2,0,110,-260
2,1,32.85714286,-157.1428571
2,2,292.1875,55.625
2,3,294.1176471,51.76470588
Total signed area in input: 2.840000e+05
Total signed area in output: 2.840000e+05
Total areal displacement: 1.658482e+05
